166,53,168,53,177,55,188,57,201,57,221,52,252,48,285,41,302,37,313,36,322,36,326,35,331,33,338,31,346,28,354,25,357,24,357,24,357,24,357,24,359,24,363,24,366,24,368,25,370,30,373,35,373,37,374,38,374,38,374,38,374,38,374,38,374,38,374,38,374,38,374,38
374,39,374,39,374,39,374,41,372,50,368,63,364,76,354,95,343,119,333,141,319,176,310,209,303,227,297,245,291,261,285,280,278,297,270,319,262,341,255,359,251,378,249,396,246,412,245,427,244,439,243,448,243,458,243,462,243,462,243,462,243,462,243,462,243,462,243,462,243,462,243,462,243,462,243,462,243,462,243,462
242,467,241,468,241,468,240,468,236,463,229,456,221,448,207,433,193,421,182,410,174,402,168,394,163,386,159,379,155,374,151,370,147,366,142,363,137,360,131,356,124,351,116,346,107,342,99,339,94,336,89,333,87,332,87,332,87,332,87,332,87,332,87,332,87,332,87,332,87,332,87,332
89,333,95,333,103,333,115,333,131,333,154,333,192,330,232,328,281,326,344,326,400,328,459,334,494,340,519,347,539,350,561,355,595,359,632,362,674,370,694,373,708,376,715,379,718,380,721,381,721,381,721,381,721,381,724,383,726,385,728,387,728,387,729,389,732,395,735,400,738,405,742,407,744,408,747,409,749,410,750,410,750,410,751,411,752,411,753,412,755,412,755,412,755,412,755,412,755,412
755,413,755,413,755,413,755,413,755,413,755,413,755,413,755,413,755,413,755,413,755,413,755,413,751,417,746,422,739,428,731,436,722,449,715,462,708,471,705,475,702,479,699,486,695,493,691,499,687,504,683,507,681,508,679,509,676,510,672,511,668,514,664,515,661,516,661,516,661,516,661,516,661,516,661,516,661,516,661,516,661,516,661,516,661,516,661,516,661,516,661,516,661,516
660,516,659,516,652,514,644,510,635,506,622,497,606,484,591,470,576,456,560,439,546,424,532,408,520,395,514,388,506,380,492,367,474,352,454,336,440,325,421,312,402,297,384,283,363,267,346,253,329,239,313,227,305,221,299,215,294,212,290,208,285,204,281,200,277,196,275,195,275,194,274,194,269,192,264,190,259,188,257,187,257,187,257,187,257,187,257,187,257,187,257,187,257,187,257,187,257,187,257,187,257,187,257,187
258,187,260,187,262,188,265,188,269,188,277,189,287,191,301,194,314,196,327,199,337,201,345,203,355,204,367,206,386,208,408,211,426,213,445,216,468,221,487,229,498,234,508,237,517,240,526,244,539,249,551,254,568,261,580,266,585,269,589,270,594,272,601,274,607,276,613,278,616,279,618,279,621,280,624,280,629,281,633,281,634,281,636,281,637,281,639,281,641,281,643,282,646,283,649,284,652,285,654,286,655,286,656,286,658,287,662,288,665,289,667,289,668,289,668,289,668,289,668,289,668,289,669,289,669,289,669,289,669,289,669,289,669,289,669,289,669,289
669,290,669,290,669,290,669,290,669,290,669,290,665,290,658,286,647,279,632,266,620,258,613,253,609,250,608,247,605,244,603,240,601,236,599,231,596,226,594,220,590,214,586,202,581,193,573,181,564,173,558,169,554,166,551,163,549,161,546,159,543,156,539,153,535,150,534,150,534,150,534,150,534,150,534,150,534,150,534,150,534,150,534,150
674,239,674,239,675,244,677,256,679,264,681,271,683,279,686,286,687,290,689,296,691,302,695,311,698,321,699,327,700,332,701,335,702,337,702,339,702,341,703,344,704,347,705,349,705,351,705,352,705,352,705,352,705,352,705,352,705,352,705,352,705,352,705,352,701,349,698,347,695,345,694,344,694,343,694,343,693,343,693,343,693,343,693,343,693,343,693,343,693,343,693,343
692,343,685,343,678,344,664,345,643,346,608,351,570,356,542,363,526,371,504,383,465,400,426,419,380,439,340,455,297,473,263,485,244,496,229,506,219,512,207,518,197,523,186,528,175,533,164,539,150,546,139,554,133,558,132,560,132,560,132,560,132,560,133,561,136,561,140,562,144,562,148,562,151,562,153,562,154,562,154,562,154,562,154,562,154,562,154,562,154,562,154,562,154,562
156,562,159,561,162,559,165,556,166,552,167,550,167,547,167,541,165,531,163,521,160,510,157,499,153,487,150,476,145,467,140,456,135,447,130,439,125,432,119,426,113,419,107,414,100,408,92,403,85,398,80,393,74,387,69,381,65,376,62,372,60,369,59,367,58,364,56,361,53,356,51,352,50,352,50,352,50,352,50,352,50,352,50,352,50,352
53,352,55,351,57,349,59,345,62,339,65,330,68,320,71,308,75,297,78,287,80,277,81,269,82,260,82,254,82,247,82,239,82,232,81,226,81,223,81,218,81,214,81,208,82,203,82,196,82,191,83,187,83,182,83,178,83,175,83,173,83,172,83,172,83,172,83,172,83,172,83,172,83,172
83,173,83,173,84,173,84,173,91,176,98,179,105,181,113,182,122,184,136,187,150,188,173,191,211,194,253,202,297,210,336,216,377,221,398,225,407,226,415,228,428,232,447,238,478,243,499,245,511,244,517,243,523,242,529,240,538,238,545,236,554,233,565,229,572,225,579,221,587,217,592,214,595,212,597,211,599,209,604,207,608,205,613,202,617,200,619,199,619,199,621,199,624,198,627,197,629,196,630,196,630,196,630,196,630,196,630,196,630,196,630,196
627,197,619,198,607,200,592,201,584,202,577,203,571,204,563,205,556,206,547,208,536,210,526,211,515,213,500,215,475,219,437,225,402,230,363,235,331,240,312,243,300,244,289,244,279,246,271,247,266,247,264,247,262,247,260,247,259,248,258,248,258,248,258,248,257,248,251,247,244,247,238,246,231,245,227,244,226,244,226,244,226,244,226,244,226,244,226,244,226,244,226,244,226,244
219,248,208,254,198,259,186,264,168,275,155,281,145,286,136,290,127,295,117,301,109,304,103,307,100,310,97,311,94,313,90,316,82,321,74,326,66,331,61,334,58,336,58,336,58,336,57,336,56,336,56,337,56,337,56,337,56,337,56,337,56,337,56,337,56,337
61,337,67,335,74,332,81,327,87,323,95,318,104,314,113,308,121,304,128,298,137,292,144,286,154,279,163,272,175,263,184,257,191,252,197,247,203,243,210,239,218,234,227,228,233,223,240,219,246,214,251,211,254,210,256,209,257,208,259,207,260,207,260,207,260,207,260,207,260,207,260,207,260,207
664,452,654,453,642,454,630,455,616,455,605,455,594,455,581,455,569,454,556,453,545,453,535,452,526,451,517,451,508,451,500,451,493,451,487,452,481,452,477,452,473,452,470,452,465,452,458,453,452,454,449,454,448,454,448,454,448,454,448,454,448,454,448,454,448,454,448,454
449,454,449,454,452,454,460,454,468,456,482,458,508,463,541,466,569,471,586,475,603,479,613,481,619,483,621,485,624,487,632,492,644,498,659,502,672,507,683,509,688,511,692,512,696,513,701,514,705,515,707,516,708,516,708,516,708,516,708,516,708,516,709,516,711,517,712,517,713,517,713,517,713,517,713,517,713,517
711,516,707,513,704,510,700,506,696,501,691,494,686,488,681,481,676,473,671,465,664,455,658,445,652,434,645,425,639,416,632,407,625,397,617,386,605,369,595,355,589,345,579,333,574,324,568,317,563,309,558,301,554,292,549,285,546,279,542,271,537,262,532,250,526,241,522,234,518,227,516,222,513,217,508,210,505,205,500,200,496,196,494,195,494,195,494,195,494,195,494,195,494,195,494,195,494,195,494,195,494,195,494,195
494,196,494,196,494,202,493,219,489,237,488,250,487,261,487,272,488,283,490,294,491,303,492,309,492,315,493,324,495,334,497,343,499,349,500,354,501,357,503,360,504,364,505,368,507,371,508,374,509,376,510,377,511,378,512,380,514,382,515,385,516,387,517,388,517,388,517,388,517,388,517,388,517,388,517,388,517,388,517,388,517,388
517,387,516,376,516,368,515,361,515,355,515,349,515,343,515,337,515,329,515,322,515,314,516,307,516,301,517,295,518,290,519,285,519,278,520,274,520,272,520,271,520,270,520,270,520,270,520,270,520,270,520,270,520,270,520,270,520,270,520,270,520,270
514,265,503,259,490,252,471,242,453,235,431,226,411,218,387,211,359,202,319,190,282,179,239,165,196,152,169,143,156,137,150,134,146,131,142,127,137,122,132,119,127,115,123,112,120,108,118,106,117,104,115,101,112,96,109,91,105,86,103,82,102,79,99,73,97,66,93,58,91,51,89,46,88,45,87,44,87,44,87,44,87,44,87,44,87,44,87,44,87,44,87,44,87,44
590,12,590,12,590,12,590,12,590,13,590,13,590,18,591,27,591,34,593,44,594,52,595,60,596,67,596,73,597,80,599,94,605,118,610,152,614,170,617,183,617,187,618,190,618,194,618,200,618,208,618,216,618,221,618,227,618,233,619,240,619,247,619,254,619,261,620,271,621,280,621,288,622,293,622,298,622,303,622,307,623,311,623,313,623,315,623,317,623,318,622,320,622,323,621,326,620,328,620,328,620,329,620,329,620,329,620,329,620,330,620,333,619,335,619,335,619,336,619,336,619,336,619,336,619,336,619,336
618,336,618,335,612,330,606,325,599,318,592,310,585,302,576,291,567,281,559,272,552,266,545,259,536,250,526,240,515,229,502,215,488,202,477,193,470,186,463,181,453,173,445,166,436,158,425,150,418,143,409,137,402,131,395,124,390,119,386,114,381,108,375,103,371,99,365,93,359,87,352,80,347,75,343,71,339,68,335,63,330,58,327,53,324,50,323,48,321,47,319,43,316,39,313,34,311,33,310,32,310,32,310,32,310,32,310,32,310,32,310,32,310,32,310,32,310,32,310,32,310,32,310,32
307,38,303,47,300,56,297,64,293,75,290,86,287,98,284,107,282,116,281,127,281,137,281,148,282,155,283,160,284,163,284,166,284,167,285,168,286,170,288,173,289,176,291,180,292,183,293,184,293,184,293,184,293,184,293,184
296,185,305,187,316,190,330,193,345,196,364,199,378,200,391,203,401,205,411,208,423,211,432,214,439,216,443,217,446,218,448,219,451,221,455,224,460,227,465,230,471,233,475,236,478,237,479,238,481,238,483,239,485,240,487,240,488,240,488,240,488,240,488,240,488,240,488,240,488,240,488,240,488,240
488,241,488,241,488,241,488,241,487,245,483,254,479,262,474,271,468,279,462,289,455,299,448,310,442,319,435,327,428,335,423,342,417,349,412,353,408,358,405,360,403,362,400,364,397,366,394,367,392,368,391,369,390,369,390,369,389,369,388,370,385,372,382,374,379,376,376,378,374,380,371,383,368,386,365,389,363,391,362,392,360,394,359,395,357,397,355,399,354,400,354,400,354,401,354,401,354,401,354,401,354,401,353,401
353,400,353,390,353,378,353,366,353,351,353,334,353,318,353,306,353,297,353,289,353,280,353,269,353,258,353,248,353,239,353,231,354,222,356,211,359,201,361,191,363,183,364,175,365,169,366,162,367,156,368,152,369,149,369,148,369,148,369,148,369,148,369,148,369,148,369,148,369,148,369,148,369,148,369,148
369,149,370,149,378,157,389,166,399,174,420,185,448,199,484,216,521,228,549,239,566,249,579,253,588,257,597,259,605,263,616,267,627,273,638,280,647,283,651,284,655,285,661,286,669,289,678,293,686,296,693,298,696,299,698,299,701,301,704,302,708,303,712,305,715,306,716,307,716,307,716,307,716,307,716,307,716,307,716,307
715,307,716,303,717,299,717,294,718,289,719,281,722,270,726,259,728,252,730,245,731,239,732,234,735,229,737,223,739,219,740,215,741,211,741,209,742,205,743,202,744,197,745,193,745,191,745,190,745,190,745,190,745,190,745,190,745,190,745,190,745,190,745,190
729,494,705,489,667,481,629,471,591,463,548,456,510,450,483,445,463,440,447,434,436,430,425,426,416,423,409,420,399,417,391,415,382,412,370,408,361,404,351,401,341,398,329,395,319,391,310,388,301,385,294,382,287,379,281,377,276,375,272,374,267,373,262,371,255,370,249,369,241,367,235,365,229,363,221,360,213,357,204,354,199,351,196,350,194,350,194,349,193,349,192,349,191,349,191,348,191,348,191,348
194,348,197,349,203,350,209,350,216,346,221,343,225,339,230,335,237,329,243,323,250,314,260,304,268,297,274,291,281,285,287,280,292,275,299,270,307,264,316,257,325,251,331,246,336,242,342,239,349,236,357,232,362,229,367,227,370,225,373,224,377,223,379,223,379,223,379,223,379,223,379,223,379,223
377,223,371,227,365,230,358,234,348,239,337,244,324,250,309,257,299,262,288,265,278,269,269,272,258,276,249,279,238,283,228,287,218,291,208,294,199,297,191,299,183,302,176,304,166,307,157,310,150,313,142,316,137,318,132,320,127,322,122,325,119,327,116,329,116,329,115,329,115,329,115,329,115,329,115,329,115,329
116,329,119,330,123,330,129,327,133,322,137,317,139,313,141,308,143,303,145,296,147,289,149,283,151,278,153,273,154,269,156,263,158,259,160,256,162,251,165,247,169,241,172,236,175,233,176,232,177,232,177,231,177,231,177,231,177,231,177,231,177,231,177,231,177,231,177,231
181,233,193,238,210,245,228,252,241,257,255,260,278,266,311,273,350,280,386,287,421,292,463,298,499,303,542,313,587,324,633,330,672,336,704,340,719,340,729,340,740,341,750,341,758,342,764,342,769,342,777,341,786,339,794,338,794,330,789,327,785,326,783,325,783,325,782,325,782,325,778,324,775,323,774,323,774,323,774,323,774,323,774,323,774,323,774,323,774,323,774,323
771,323,766,324,760,326,753,327,743,328,734,328,724,328,715,327,705,325,695,321,682,317,668,313,654,306,638,299,623,289,604,279,583,269,564,261,546,251,527,241,516,234,506,229,495,225,483,220,471,217,461,214,452,211,443,207,436,205,428,202,420,201,410,199,401,198,390,196,379,194,371,193,365,192,361,192,356,191,352,191,347,191,342,191,337,190,335,190,332,189,329,189,325,188,322,188,319,188,317,188,316,188,316,188,316,188,316,188,316,188
609,20,603,21,593,23,583,24,574,25,565,26,560,27,555,27,547,27,536,27,525,28,513,28,501,28,489,29,478,29,465,29,455,28,445,27,435,27,425,27,416,27,403,27,391,27,380,27,368,27,353,27,342,27,334,27,326,27,319,26,312,26,307,26,302,25,299,25,295,25,292,25,286,25,283,25,278,25,273,26,267,26,262,27,258,27,254,27,252,27,250,27,250,27,250,27,249,27,249,27,249,27,249,27
249,28,248,30,245,37,242,46,239,58,236,72,233,87,229,104,226,121,221,140,218,159,215,174,214,186,212,198,211,211,209,223,207,241,204,262,204,281,204,299,204,319,204,338,206,355,206,365,206,373,206,382,207,389,208,394,209,399,209,403,210,407,211,411,212,415,214,420,214,424,215,427,216,428,218,430,218,432,219,433,220,434,220,434,220,434,220,434,220,434,220,434
220,433,220,429,219,424,218,416,218,408,217,401,216,391,214,380,212,369,210,359,208,350,206,343,205,337,203,332,202,323,201,315,199,307,198,299,197,293,196,289,195,286,195,282,194,278,194,277,194,277,194,277,194,276,194,276,193,276,193,276,193,276,193,276,193,276,193,276
193,277,193,277,193,277,193,277,193,277,193,277,193,277,193,277,193,277,193,277,193,277,193,277,193,277,193,277,193,277,193,277,193,277,194,275,199,265,204,255,210,245,216,235,223,223,228,216,232,207,236,199,240,190,244,182,246,175,248,169,250,162,251,156,253,149,254,142,256,133,256,125,258,113,259,104,260,95,261,87,263,78,265,71,266,64,268,57,269,52,269,49,270,48,270,46,271,45,271,45,271,45,271,45,271,45,271,45,271,45,271,45,271,45
271,46,271,46,271,46,271,46,271,47,271,47,271,48,274,57,302,95,342,135,387,180,415,220,436,248,458,271,469,278,476,285,482,289,489,294,496,299,503,303,510,307,518,311,526,315,535,319,543,323,557,330,573,339,590,348,602,353,611,356,618,360,627,365,635,369,643,374,650,378,657,383,666,388,673,392,679,396,685,399,688,401,691,401,694,402,696,403,698,404,700,404,701,404,703,405,704,405,706,405,708,406,711,407,713,407,713,408,713,408,714,408,714,408,714,408,714,408
713,407,708,403,702,396,694,387,681,374,665,359,645,341,626,325,600,306,580,288,559,271,539,256,518,239,502,227,486,215,469,200,453,187,437,174,421,160,409,148,399,139,388,128,376,116,367,108,359,99,352,93,344,86,334,78,326,70,318,63,307,55,298,49,289,42,282,37,276,32,270,28,264,24,260,20,256,18,255,17,254,16,254,16,254,16,254,16,254,16,254,16,254,16,254,16,254,16,254,16,254,16,254,16,254,16,254,16,254,16
254,17,254,17,254,17,254,17,254,19,253,23,250,28,248,34,245,40,243,44,240,47,238,52,235,56,233,61,230,65,227,70,221,77,217,83,210,91,203,100,192,112,177,126,160,141,149,152,141,158,134,164,127,170,118,177,108,184,100,190,92,195,82,202,72,207,61,212,51,216,42,220,36,223,29,225,25,228,21,230,18,232,15,234,13,235,13,236,13,236,13,236,13,236,13,236,13,236,13,236,13,236
17,238,21,240,28,241,34,243,41,244,48,245,57,245,70,245,90,244,128,242,164,240,204,237,235,237,253,235,269,235,282,235,293,235,303,235,313,235,323,235,332,235,340,234,347,233,352,233,357,232,363,232,368,232,373,232,377,231,379,231,380,231,383,231,388,231,394,230,400,230,404,229,408,229,411,229,413,229,415,229,416,229,417,229,418,229,418,229,418,229,418,229,418,229,418,229,418,229
417,234,416,247,416,259,415,271,415,280,415,290,415,302,415,312,416,324,419,337,422,349,425,359,428,366,429,370,430,373,430,375,431,377,431,379,432,381,432,382,432,385,432,387,432,390,431,395,430,402,430,407,430,412,429,417,428,421,428,424,428,426,428,426,428,426,428,426,428,426,428,426,428,426,428,426,428,426,428,426
428,420,431,411,434,403,437,393,443,381,449,370,457,359,470,342,481,322,492,306,499,291,502,283,504,276,505,270,507,262,508,252,509,244,509,237,508,229,506,220,504,211,503,202,503,194,502,186,500,180,500,175,499,171,498,163,497,157,497,154,497,153,497,153,497,153,497,153,497,153,497,153,497,153,497,153
497,154,497,154,497,155,497,159,498,169,502,182,508,207,521,242,541,281,562,326,574,344,577,352,579,356,580,364,580,374,581,386,584,396,586,406,589,415,592,423,596,430,600,439,607,448,612,455,617,459,621,463,628,468,638,475,650,483,660,489,669,495,675,500,680,503,684,507,688,510,693,512,696,514,699,517,701,518,702,518,703,519,703,519,704,519,705,519,705,520,706,520,706,520,706,520,706,520,706,520
705,520,701,518,694,512,684,502,675,492,660,477,642,457,626,439,611,420,592,399,576,381,561,364,547,347,533,327,518,308,504,290,489,271,478,255,465,239,450,219,433,201,419,185,408,171,398,159,392,151,387,144,381,136,377,130,373,124,369,116,367,111,365,106,364,100,362,94,360,86,358,81,357,76,357,73,357,73,357,73,357,73,356,73,356,73,356,73,356,73,356,73,356,73
356,74,356,75,356,82,356,91,357,99,359,108,363,118,373,132,386,147,401,163,418,180,435,196,452,210,472,226,489,239,504,249,514,254,522,258,527,262,532,266,538,272,544,278,550,283,553,288,557,291,560,295,564,298,567,302,569,305,572,307,575,310,577,311,578,311,579,311,579,311,579,311,579,311,579,311,579,312,579,312,579,312
578,312,577,312,575,310,572,307,570,303,569,299,567,294,567,289,566,281,565,276,565,271,565,267,565,264,565,261,565,257,565,254,565,252,566,249,566,248,566,248,566,248,566,248,566,248,566,248,566,248,566,248,566,248
563,250,553,254,545,257,533,262,521,266,504,275,485,282,466,292,447,301,428,309,405,322,383,329,367,337,352,345,343,349,334,352,326,357,315,363,301,370,288,376,274,384,261,391,246,399,228,412,210,422,188,434,169,444,153,454,135,461,124,465,118,468,114,469,109,470,106,471,104,472,104,472,104,472,104,472,104,472,104,472,104,472,103,472,103,472,100,470,96,468,93,466,91,465,90,465,90,465,89,465,89,465,89,465,89,465,89,465,89,465,89,465,89,465
90,465,91,464,95,463,99,459,106,454,112,446,118,439,122,431,125,423,127,414,128,404,130,391,133,382,137,374,139,364,141,354,142,343,143,335,144,329,145,324,145,319,146,314,146,308,147,301,147,293,148,286,148,280,149,274,149,270,150,267,150,266,150,266,150,266,150,266,150,266,150,266,150,266
150,267,150,267,150,267,150,267,150,267,150,267,150,267,150,267,149,267,149,267,144,268,136,270,129,272,120,274,111,276,105,277,99,278,94,280,90,281,87,281,85,282,84,282,83,282,83,282,83,282,83,282,83,282,83,282,83,282
83,284,81,286,79,289,76,291,74,294,72,297,69,300,67,305,64,311,61,316,58,322,55,329,51,336,48,342,46,347,44,351,43,354,42,357,41,361,39,363,39,365,39,365,39,365,39,365,39,365,39,365,39,365,39,365
42,365,48,362,54,357,61,350,67,344,74,336,81,327,89,317,97,307,104,299,112,289,119,279,126,270,134,261,141,252,150,242,158,232,167,221,175,213,184,203,191,195,198,188,206,179,214,171,222,163,229,156,235,149,240,144,243,140,247,136,251,132,254,128,258,124,261,120,263,116,268,110,275,100,279,94,284,89,286,86,287,85,288,84,288,84,288,84,288,84,288,84,288,84,288,84,288,84,288,84
288,85,288,85,288,85,288,86,288,91,289,99,292,106,296,115,305,127,314,136,324,147,338,160,358,176,376,192,396,205,422,223,449,237,469,251,488,263,507,276,523,283,536,289,547,295,557,301,565,305,572,310,579,315,588,322,598,329,605,334,611,338,617,342,621,345,624,347,626,349,629,350,630,351,632,352,635,353,637,354,638,356,639,356,639,356,639,356,639,356,639,356,639,356
637,356,631,354,624,349,617,343,608,336,600,328,591,319,584,310,577,302,571,294,567,287,565,281,563,277,561,274,560,269,558,266,556,262,555,256,553,251,552,247,551,244,550,243,550,243,550,243,550,243,550,243,550,243,550,243,550,243,550,243
550,245,549,255,549,262,549,268,551,275,553,281,555,288,559,296,565,307,571,317,578,327,583,335,587,340,590,344,592,348,594,351,595,353,596,354,597,355,597,355,598,355,598,355,598,355,598,355,598,355,598,355,598,355,598,355
595,356,589,358,579,361,564,367,536,377,501,385,466,392,443,399,425,406,407,414,388,422,370,430,355,437,337,445,323,450,315,453,308,454,303,456,299,457,295,459,288,460,284,462,282,462,281,462,280,462,279,462,277,462,274,462,273,462,271,462,271,462,270,462,270,462,269,462,269,462,269,462,269,462,269,462,269,462,269,462,269,462
271,462,279,462,287,463,299,464,313,466,337,469,355,473,372,474,388,477,407,480,419,483,430,485,440,486,450,489,460,491,469,493,481,495,489,498,498,499,506,500,513,502,521,503,532,506,544,509,569,516,587,521,601,526,610,529,619,532,627,535,633,537,639,538,643,539,648,540,651,541,654,542,656,542,659,542,662,543,665,543,668,544,671,545,675,545,678,546,681,546,685,547,688,547,691,548,693,548,693,548,693,548,693,548,693,548,693,548,693,548,693,548
692,548,690,547,684,544,678,535,671,524,661,509,650,494,645,486,641,477,638,470,635,460,633,451,630,441,627,431,623,418,619,405,611,388,605,371,600,359,597,343,593,325,588,309,583,294,580,277,575,259,570,240,564,219,558,204,552,191,549,181,546,173,543,166,541,158,538,150,536,143,534,139,533,137,533,137,533,137,533,136,532,134,531,131,531,128,530,126,530,126,530,126,530,126,530,126,530,126,530,126,530,126,530,126,530,126,530,126
530,127,530,128,530,138,532,147,535,157,540,168,548,181,557,197,568,211,575,220,583,229,589,238,596,244,602,250,607,256,611,261,617,267,628,281,641,295,652,306,658,313,663,319,666,324,669,327,670,332,672,335,673,338,674,339,676,342,677,345,678,346,679,347,679,347,679,347,679,347,679,347,679,347,679,347
676,347,670,348,664,348,657,347,651,344,644,338,635,328,626,319,613,306,598,290,586,276,578,266,571,255,565,246,560,238,556,231,550,224,547,220,543,215,540,210,535,203,531,197,527,191,523,185,517,179,514,174,511,172,511,172,511,172,511,172,511,172,511,172,511,172,511,172,511,172
511,173,511,174,508,184,503,195,499,207,496,217,493,225,492,231,490,236,490,240,489,245,489,252,489,261,489,268,490,274,491,278,492,280,493,284,493,287,494,290,495,293,496,296,496,298,496,298,496,298,496,298,496,298,496,298,496,298,496,298
487,298,478,296,468,294,458,291,444,285,426,276,404,261,383,244,346,223,310,201,291,185,274,172,260,162,252,156,245,152,239,148,230,142,220,136,210,129,196,122,189,119,183,116,178,114,174,112,170,111,166,110,161,109,158,108,155,108,152,107,150,107,146,107,142,107,137,107,131,108,125,109,117,111,109,113,102,115,94,117,85,118,76,119,70,120,65,122,61,123,58,123,56,123,54,124,52,124,51,124,49,124,47,125,46,125,46,125,46,125,46,125,46,125,46,125,46,125,46,125,46,125,46,125,46,125,46,125,46,125,46,125,46,125,46,125,46,125,46,125,46,125,46,125,46,125,46,125,46,125,46,125,46,125,46,125,46,125,46,125,46,125,46,125,46,125,46,125,46,125,46,125,46,125
47,125,52,126,62,130,75,133,99,138,119,145,137,151,153,158,165,161,173,163,181,164,190,167,200,171,209,174,217,178,226,182,232,186,238,189,245,194,254,198,263,203,272,208,283,214,292,218,302,221,309,225,316,229,325,233,333,236,339,238,343,240,346,241,348,242,351,245,354,247,358,249,362,251,364,252,364,252,364,252,364,252,364,252,364,252,364,252,364,252
358,250,353,247,346,243,340,238,334,232,325,223,312,211,297,196,282,180,273,169,266,160,258,150,252,143,246,136,240,129,235,123,228,115,223,109,218,103,212,97,206,92,200,87,194,82,189,78,184,75,178,73,175,72,172,72,168,71,165,70,163,70,160,70,159,70,159,70,159,70,159,70,159,70,159,70,159,70
651,239,659,232,669,223,680,209,690,197,696,189,699,184,702,180,705,176,708,169,711,163,714,158,717,153,719,148,720,144,722,139,723,136,725,131,727,126,729,121,731,116,733,113,733,110,734,109,734,106,735,103,736,100,736,95,738,90,739,86,739,82,740,75,741,70,741,66,742,61,742,59,742,59,742,59,742,59,742,59,742,59
741,60,738,63,725,73,715,81,688,95,647,111,614,123,584,132,564,139,542,143,521,143,504,143,483,143,467,145,451,145,435,145,421,146,403,149,390,151,379,152,369,154,359,155,349,157,338,159,328,160,318,162,309,164,300,166,290,168,278,171,268,174,258,176,248,178,241,180,236,181,231,183,226,184,219,187,214,190,209,192,207,194,205,195,204,196,202,196,201,196,200,197,199,198,199,198,199,198,199,198,199,198,199,198,199,198
198,198,198,198,196,196,189,189,184,183,178,176,172,170,165,162,160,157,156,153,152,150,149,146,146,143,145,142,144,141,144,141,144,140,144,140,144,140,144,140,144,140,144,140,144,140
144,141,144,141,144,141,144,141,145,142,150,148,156,152,161,155,168,159,177,163,186,165,193,168,203,171,215,175,227,179,242,184,258,188,270,194,282,199,296,207,316,218,330,226,340,231,350,238,359,245,367,251,376,258,383,263,390,268,398,273,406,278,412,282,421,285,428,288,434,291,440,294,444,297,447,300,450,302,452,304,454,306,456,309,460,312,463,316,465,320,468,323,471,325,472,326,472,326,472,326,473,326,473,326,473,326,473,326,473,326
