450,220,443,221,436,222,428,223,420,224,411,225,401,225,392,225,381,225,372,225,363,225,355,225,345,225,335,225,323,225,313,225,302,225,292,226,282,226,274,226,265,227,258,228,250,229,241,230,235,231,229,231,223,232,218,232,212,232,205,232,200,232,193,232,185,232,178,231,173,230,170,229,168,228,165,228,160,228,154,227,149,226,147,226,145,226,142,225,139,225,135,225,133,225,133,225,133,225,133,225,133,225,133,225,133,225,133,225,133,225,133,225,133,225,133,225,133,225,133,225,133,225,133,225
135,224,141,224,147,222,153,220,161,217,170,214,181,209,193,203,202,198,211,193,217,189,222,186,227,183,233,180,241,177,248,175,254,173,259,171,264,170,270,168,278,164,285,161,293,156,298,154,303,152,308,151,309,151,310,150,310,150,310,150,310,150,310,150,310,150,310,150,310,150,310,150,310,150
309,150,304,150,298,151,292,154,284,157,277,160,268,165,261,168,253,171,244,175,235,179,226,184,216,189,207,194,198,198,190,201,182,205,173,210,166,214,157,219,146,226,124,237,105,247,88,255,70,263,56,270,47,273,44,274,43,274,43,274,43,274,43,274,43,274,43,274,43,274,43,274,43,274,43,274,43,274,43,274,43,274,43,274,43,274,43,274,43,274,43,274,43,274
48,275,53,274,59,273,65,272,74,270,84,267,98,263,116,255,136,248,158,238,185,229,213,219,253,208,290,195,327,183,368,174,402,164,434,156,453,150,471,144,491,136,522,125,562,113,595,104,613,99,624,96,632,95,639,93,647,90,659,86,671,83,681,79,691,77,698,76,700,75,700,75,702,75,709,74,717,71,728,68,736,66,743,65,745,64,745,64,745,64,746,64,748,64,751,63,753,62,753,62,753,62,753,62,753,62,753,62,753,62,753,62,753,62,753,62
698,415,690,408,679,401,670,396,661,391,651,386,643,382,635,378,628,375,622,372,616,370,610,367,605,365,602,363,600,362,597,360,595,358,592,356,590,353,587,350,583,344,579,337,576,330,573,324,572,321,570,318,570,315,569,313,569,312,569,312,568,312,568,311,568,310,568,310,568,310,568,310,568,310,568,310,568,310,568,310,568,310,568,310,568,310
561,310,550,309,538,307,521,306,502,306,465,306,429,308,385,312,323,317,271,321,231,325,199,327,191,328,187,328,184,329,178,330,172,331,167,332,165,332,165,332,165,332,165,332,165,332,165,332,165,332,165,332,165,332,165,332,165,333,165,333,165,333,165,333,162,334,160,335,159,336,158,336,156,340,152,345,149,350,148,351,147,351,147,351,147,351,147,351,147,351,147,351,147,351,147,351,147,351,147,351,147,351,147,351,147,351,147,351,147,351
151,351,161,354,166,356,171,358,176,360,182,363,187,366,189,369,191,372,193,376,196,379,197,382,199,385,200,388,203,393,205,397,207,400,208,403,209,404,210,408,211,411,213,413,215,415,216,417,219,421,224,426,228,431,230,434,231,435,233,437,235,440,237,441,237,441,237,441,237,441,237,441,237,441,237,441,237,442,237,442,237,442,237,442,237,442,237,442,237,442,237,442,237,442,237,442,237,442,237,442
236,441,232,439,229,435,224,430,221,423,217,415,214,406,211,396,207,386,202,373,197,354,192,331,189,313,185,297,182,282,179,270,174,250,166,229,158,212,155,201,152,191,149,183,146,173,142,164,138,154,135,144,132,134,130,127,128,123,127,117,125,110,123,103,121,97,119,90,117,85,116,82,115,77,113,72,111,67,110,62,108,55,106,51,105,50,105,50,105,50,105,50,105,50,105,50,105,50,105,50,105,50
106,51,113,53,127,57,154,63,187,63,210,65,224,65,236,65,256,66,279,68,314,68,354,68,379,66,395,66,414,65,439,63,462,62,490,60,506,60,524,60,536,60,546,61,552,61,560,61,569,62,578,63,588,63,599,63,609,61,614,61,616,61,617,61,621,61,629,62,640,62,649,61,655,61,659,62,663,63,666,64,672,65,676,65,678,65,678,65,679,65,679,66,679,66,679,66,679,66,679,66,679,66,681,66,683,66,683,67,683,67,683,67,683,67,683,67,683,67,685,67,690,67,696,68,699,68,700,68,700,68,700,68,700,68,700,68,700,68,700,68,700,68,700,68,700,68,700,68,700,68,700,68,700,68,700,68,700,68,700,68,700,68,700,68,700,68,700,68,700,68
699,68,699,68,699,69,699,69,694,75,687,83,680,89,672,95,663,103,653,111,642,119,629,130,618,138,606,147,590,160,573,174,547,191,504,212,465,230,426,247,392,259,378,267,369,272,361,277,352,282,341,288,329,292,322,295,317,297,315,299,314,299,312,300,308,303,301,306,293,310,282,315,275,318,269,321,266,322,265,322,264,323,260,324,253,327,249,330,245,331,244,332,244,332,244,332,244,332,243,332,243,332,243,332,243,332,243,332,243,332
244,332,252,335,261,339,270,343,275,347,279,348,282,350,289,354,297,360,304,365,309,369,312,370,314,371,317,372,322,374,329,377,337,380,345,383,352,385,357,386,360,387,362,388,364,388,366,389,367,389,369,390,369,390,369,390,369,390,369,390,372,392,375,395,378,398,378,400,379,400,379,400,379,400,379,400,379,400,379,400,379,400,379,400,379,400,379,400,379,400,379,400,379,400
379,399,376,389,375,381,374,374,373,365,372,354,372,346,372,338,373,330,373,320,373,312,373,305,373,297,373,289,372,281,371,273,369,267,368,263,368,260,368,259,368,259,367,256,366,250,364,245,363,240,362,238,362,238,362,238,362,238,362,238,362,238,362,238,362,238,362,238,362,238,362,238
362,236,367,225,370,216,375,205,378,196,381,187,383,179,386,170,391,158,394,149,397,141,399,136,400,131,402,127,404,122,408,114,414,107,419,98,422,92,423,90,423,89,423,89,423,89,423,89,425,87,426,85,426,85,426,85,426,85,426,85,426,85,426,85,426,85,426,85,426,85,426,85,426,85,426,85,426,85,426,85,426,85,426,85,426,85,426,85,427,85,427,85,427,85,427,85,428,85,432,84,435,83,435,83,435,83,435,83,435,83,435,83,435,83,435,83,435,83
435,84,435,84,435,84,435,84,435,84,435,84,435,84,435,84,435,84,435,84,435,84,435,84,435,84,435,84,435,84,435,84,435,84,435,84,435,84,435,84,435,84,435,84,435,84,435,84,435,84,435,84,435,84,435,84,435,84,435,84,435,84,435,84,435,84,435,84,435,84,435,84,435,84,435,84,435,84,435,84,435,84,435,84,435,84,435,84,435,84,435,84,435,84,435,84,435,84,435,84,435,84,435,84,435,84,435,84,435,84,435,84,435,84,435,84,435,84,435,84,435,84,435,84,435,84,435,84,435,84,435,84,435,84,435,84,435,84,435,84,435,84,435,84,435,84,435,84,435,84,435,84,435,84,435,84,435,84,435,84,435,84,435,84,435,84,435,84,435,84,435,84,435,84,435,84,435,84,435,84,435,84,435,84,435,84,435,84,435,84,435,84,435,84,435,84,435,84,435,84,435,84,435,84,435,84,435,84,435,84,435,84,435,84,435,84,435,84,435,84,435,84,435,84,435,84,435,84,435,84,435,84,435,84,435,84,435,84,435,84,435,84,435,84,435,84,435,84,435,84,435,84,435,84,435,84,435,84,435,84,435,84,435,84,435,84,435,84,435,84,435,84,435,84,435,84,435,84,435,84,435,84,435,84,435,84,435,84,435,84,435,84,435,84,435,84,435,84,435,84,435,84,435,84,435,84,435,84,435,84,435,84,435,84,435,84,435,84,435,84,435,84,435,84,435,84,435,84,435,84,435,84,435,84,435,84,435,84,435,84,435,84,435,84,435,84,435,84,435,84,435,84,435,84,435,84,435,84,435,84,435,84,435,84,435,84,435,84,435,84,435,84,435,84,435,84,435,84,435,84,435,84,435,84,435,84,435,84,435,84,435,84,435,84,435,84,435,84,435,84,435,84,435,84,435,84,435,84,435,84,435,84,435,84,435,84,435,84,435,84,435,84,435,84,435,84,435,84,435,84,435,84,435,84,435,84,435,84,435,84,435,84,435,84,435,84,435,84,435,84,435,84,435,84,435,84,435,85,435,85,435,85,435,85,435,85,435,85,435,85,435,85,435,85,435,85,435,85,435,85,435,85,435,85,435,85,435,85,435,85,435,85,435,85,435,85,435,85,435,85,435,85,435,85,435,85,435,85,435,85,435,85,435,85,435,85,435,85,435,85,435,85,435,85,435,85,435,85,435,85,435,85,435,85,435,85,435,85,435,85,435,85,435,85,435,85,435,85,435,85,435,85,435,85,435,85,435,85,435,85,435,85,435,85,435,85,435,85,435,85,435,85,435,85,435,85,435,85,435,85,435,85,435,85,435,85,435,85,435,85,435,85,435,85,435,85,435,85,435,85,435,85,435,85,435,85,435,85,435,85,435,85,435,85,435,85,435,85,435,85,435,85,435,85,435,85,435,85,435,85,435,85,435,85,435,85,435,85,435,85,435,85,435,85,435,85,435,85,435,85,435,85,435,85,453,85,510,87,542,89,548,89,552,90,558,90,569,90,584,89,598,89,604,88,608,88,609,87,610,85,615,80,620,73,622,70,623,68,623,68,623,68,623,68,623,68,623,68,623,68,623,68,626,64,641,51,663,35,679,20,686,13,690,10,692,7,694,5,697,2,690,0,690,1,690,1,690,1,690,1,690,1,690,1,690,2,689,5,687,8,687,8,687,8,687,8,687,8,687,8,687,8,687,8,687,8,687,8,687,8,687,8,687,8,687,8,687,8,687,8,687,8,687,8,687,8,687,8,687,8,687,8
